0 2 3 4 5
0 5 4 4 5
0 43 26 4 5
0 100 19 4 5
0 13 12 4 5
0 13 12 4 5
1 0 4 5 0
0 29 30 7 10
0 14 422 7 10
0 1313 12 7 10
0 5 6 7 10
0 7 8 7 10
0 7 8 7 10
0 7 8 1 1
1 1 7 10 0
0 29 30 1 1
0 14 422 2 2
0 1313 12 1 1
0 5 6 1 1
0 7 8 4 5
0 7 8 4 5
0 7 8 1 1
1 2 1 1 0
1 3 4 5 0
0 2 3 4 5
0 5 4 4 5
0 43 26 4 5
0 100 19 4 5
0 13 12 4 5
1 4 4 5 0
0 29 30 7 10
0 14 422 7 10
0 1313 12 7 10
0 5 6 7 10
0 7 8 7 10
0 7 8 1 1
1 5 7 10 0
0 29 30 1 1
0 14 422 2 2
0 1313 12 1 1
0 5 6 1 1
0 7 8 4 5
0 7 8 1 1
1 6 1 1 0
1 7 4 5 0
0 2 3 4 5
0 5 4 4 5
0 43 26 4 5
0 100 19 4 5
0 13 12 4 5
1 0 4 5 0
0 29 30 7 10
0 14 422 7 10
0 1313 12 7 10
0 5 6 7 10
0 7 8 7 10
0 7 8 1 1
1 1 7 10 0
0 29 30 1 1
0 14 422 2 2
0 1313 12 1 1
0 5 6 1 1
0 7 8 4 5
0 7 8 1 1
1 2 1 1 0
1 3 4 5 0
0 2 3 4 5
0 5 4 4 5
0 43 26 4 5
0 100 19 4 5
0 13 12 4 5
1 4 4 5 0
0 29 30 7 10
0 14 422 7 10
0 1313 12 7 10
0 5 6 7 10
0 7 8 7 10
0 7 8 1 1
1 5 7 10 0
0 29 30 1 1
0 14 422 2 2
0 1313 12 1 1
0 5 6 1 1
0 7 8 4 5
0 7 8 1 1
1 6 1 1 0
1 7 4 5 0
0 2 3 4 5
0 5 4 4 5
0 43 26 4 5
0 100 19 4 5
0 13 12 4 5
1 0 4 5 0
0 29 30 7 10
0 14 422 7 10
0 1313 12 7 10
0 5 6 7 10
0 7 8 7 10
0 7 8 1 1
1 1 7 10 0
0 29 30 1 1
0 14 422 2 2
0 1313 12 1 1
0 5 6 1 1
0 7 8 4 5
0 7 8 1 1
1 2 1 1 0
1 3 4 5 0
0 2 3 4 5
0 5 4 4 5
0 43 26 4 5
0 100 19 4 5
0 13 12 4 5
1 4 4 5 0
0 29 30 7 10
0 14 422 7 10
0 1313 12 7 10
0 5 6 7 10
0 7 8 7 10
0 7 8 1 1
1 5 7 10 0
0 29 30 1 1
0 14 422 2 2
0 1313 12 1 1
0 5 6 1 1
0 7 8 4 5
0 7 8 1 1
1 6 1 1 0
